
/* 
 * Ordered Array Report 
 */

 2 Cores CPU - Size Problem  

  Try 1

    Runtime 1.03e-04 [s] 

    Ordened Array is:

0 1 1 2 3 4 4 4 5 5 5 6 7 7 7 7 7 8 8 8 8 9 9 9 9 10 11 11 11 11 12 12 13 13 13 14 14 15 15 16 16 16 17 17 17 19 19 19 19 20 20 20 20 21 21 22 22 22 23 23 25 26 26 28 29 29 29 29 31 31 31 33 34 34 34 35 35 36 36 37 37 37 38 39 39 40 40 40 40 41 41 41 42 42 42 42 43 44 45 45 46 46 46 46 46 48 48 49 49 51 51 52 53 53 55 57 57 57 58 58 59 59 59 60 61 62 62 63 64 64 64 64 64 65 66 67 68 68 69 69 70 70 70 70 70 72 73 73 73 74 74 74 74 75 76 76 76 77 78 78 80 82 83 83 84 85 89 90 90 90 90 90 91 91 92 92 92 92 92 93 93 93 93 94 94 95 95 96 96 96 97 97 98 98 98 98 99 99 99 99 
--------------------------------------------------------------------------------
  Try 2

    Runtime 9.59e-05 [s] 

    Ordened Array is:

0 1 1 2 3 4 4 4 5 5 5 6 7 7 7 7 7 8 8 8 8 9 9 9 9 10 11 11 11 11 12 12 13 13 13 14 14 15 15 16 16 16 17 17 17 19 19 19 19 20 20 20 20 21 21 22 22 22 23 23 25 26 26 28 29 29 29 29 31 31 31 33 34 34 34 35 35 36 36 37 37 37 38 39 39 40 40 40 40 41 41 41 42 42 42 42 43 44 45 45 46 46 46 46 46 48 48 49 49 51 51 52 53 53 55 57 57 57 58 58 59 59 59 60 61 62 62 63 64 64 64 64 64 65 66 67 68 68 69 69 70 70 70 70 70 72 73 73 73 74 74 74 74 75 76 76 76 77 78 78 80 82 83 83 84 85 89 90 90 90 90 90 91 91 92 92 92 92 92 93 93 93 93 94 94 95 95 96 96 96 97 97 98 98 98 98 99 99 99 99 
--------------------------------------------------------------------------------
  Try 3

    Runtime 1.68e-04 [s] 

    Ordened Array is:

0 1 1 2 3 4 4 4 5 5 5 6 7 7 7 7 7 8 8 8 8 9 9 9 9 10 11 11 11 11 12 12 13 13 13 14 14 15 15 16 16 16 17 17 17 19 19 19 19 20 20 20 20 21 21 22 22 22 23 23 25 26 26 28 29 29 29 29 31 31 31 33 34 34 34 35 35 36 36 37 37 37 38 39 39 40 40 40 40 41 41 41 42 42 42 42 43 44 45 45 46 46 46 46 46 48 48 49 49 51 51 52 53 53 55 57 57 57 58 58 59 59 59 60 61 62 62 63 64 64 64 64 64 65 66 67 68 68 69 69 70 70 70 70 70 72 73 73 73 74 74 74 74 75 76 76 76 77 78 78 80 82 83 83 84 85 89 90 90 90 90 90 91 91 92 92 92 92 92 93 93 93 93 94 94 95 95 96 96 96 97 97 98 98 98 98 99 99 99 99 
--------------------------------------------------------------------------------
  Try 4

    Runtime 9.20e-05 [s] 

    Ordened Array is:

0 1 1 2 3 4 4 4 5 5 5 6 7 7 7 7 7 8 8 8 8 9 9 9 9 10 11 11 11 11 12 12 13 13 13 14 14 15 15 16 16 16 17 17 17 19 19 19 19 20 20 20 20 21 21 22 22 22 23 23 25 26 26 28 29 29 29 29 31 31 31 33 34 34 34 35 35 36 36 37 37 37 38 39 39 40 40 40 40 41 41 41 42 42 42 42 43 44 45 45 46 46 46 46 46 48 48 49 49 51 51 52 53 53 55 57 57 57 58 58 59 59 59 60 61 62 62 63 64 64 64 64 64 65 66 67 68 68 69 69 70 70 70 70 70 72 73 73 73 74 74 74 74 75 76 76 76 77 78 78 80 82 83 83 84 85 89 90 90 90 90 90 91 91 92 92 92 92 92 93 93 93 93 94 94 95 95 96 96 96 97 97 98 98 98 98 99 99 99 99 
--------------------------------------------------------------------------------
  Try 5

    Runtime 8.20e-05 [s] 

    Ordened Array is:

0 1 1 2 3 4 4 4 5 5 5 6 7 7 7 7 7 8 8 8 8 9 9 9 9 10 11 11 11 11 12 12 13 13 13 14 14 15 15 16 16 16 17 17 17 19 19 19 19 20 20 20 20 21 21 22 22 22 23 23 25 26 26 28 29 29 29 29 31 31 31 33 34 34 34 35 35 36 36 37 37 37 38 39 39 40 40 40 40 41 41 41 42 42 42 42 43 44 45 45 46 46 46 46 46 48 48 49 49 51 51 52 53 53 55 57 57 57 58 58 59 59 59 60 61 62 62 63 64 64 64 64 64 65 66 67 68 68 69 69 70 70 70 70 70 72 73 73 73 74 74 74 74 75 76 76 76 77 78 78 80 82 83 83 84 85 89 90 90 90 90 90 91 91 92 92 92 92 92 93 93 93 93 94 94 95 95 96 96 96 97 97 98 98 98 98 99 99 99 99 
--------------------------------------------------------------------------------

 4 Cores CPU - Size Problem  

  Try 1

    Runtime 1.27e-04 [s] 

    Ordened Array is:

0 1 1 2 3 4 4 4 5 5 5 6 7 7 7 7 7 8 8 8 8 9 9 9 9 10 11 11 11 11 12 12 13 13 13 14 14 15 15 16 16 16 17 17 17 19 19 19 19 20 20 20 20 21 21 22 22 22 23 23 25 26 26 28 29 29 29 29 31 31 31 33 34 34 34 35 35 36 36 37 37 37 38 39 39 40 40 40 40 41 41 41 42 42 42 42 43 44 45 45 46 46 46 46 46 48 48 49 49 51 51 52 53 53 55 57 57 57 58 58 59 59 59 60 61 62 62 63 64 64 64 64 64 65 66 67 68 68 69 69 70 70 70 70 70 72 73 73 73 74 74 74 74 75 76 76 76 77 78 78 80 82 83 83 84 85 89 90 90 90 90 90 91 91 92 92 92 92 92 93 93 93 93 94 94 95 95 96 96 96 97 97 98 98 98 98 99 99 99 99 
--------------------------------------------------------------------------------
  Try 2

    Runtime 1.18e-04 [s] 

    Ordened Array is:

0 1 1 2 3 4 4 4 5 5 5 6 7 7 7 7 7 8 8 8 8 9 9 9 9 10 11 11 11 11 12 12 13 13 13 14 14 15 15 16 16 16 17 17 17 19 19 19 19 20 20 20 20 21 21 22 22 22 23 23 25 26 26 28 29 29 29 29 31 31 31 33 34 34 34 35 35 36 36 37 37 37 38 39 39 40 40 40 40 41 41 41 42 42 42 42 43 44 45 45 46 46 46 46 46 48 48 49 49 51 51 52 53 53 55 57 57 57 58 58 59 59 59 60 61 62 62 63 64 64 64 64 64 65 66 67 68 68 69 69 70 70 70 70 70 72 73 73 73 74 74 74 74 75 76 76 76 77 78 78 80 82 83 83 84 85 89 90 90 90 90 90 91 91 92 92 92 92 92 93 93 93 93 94 94 95 95 96 96 96 97 97 98 98 98 98 99 99 99 99 
--------------------------------------------------------------------------------
  Try 3

    Runtime 1.70e-04 [s] 

    Ordened Array is:

0 1 1 2 3 4 4 4 5 5 5 6 7 7 7 7 7 8 8 8 8 9 9 9 9 10 11 11 11 11 12 12 13 13 13 14 14 15 15 16 16 16 17 17 17 19 19 19 19 20 20 20 20 21 21 22 22 22 23 23 25 26 26 28 29 29 29 29 31 31 31 33 34 34 34 35 35 36 36 37 37 37 38 39 39 40 40 40 40 41 41 41 42 42 42 42 43 44 45 45 46 46 46 46 46 48 48 49 49 51 51 52 53 53 55 57 57 57 58 58 59 59 59 60 61 62 62 63 64 64 64 64 64 65 66 67 68 68 69 69 70 70 70 70 70 72 73 73 73 74 74 74 74 75 76 76 76 77 78 78 80 82 83 83 84 85 89 90 90 90 90 90 91 91 92 92 92 92 92 93 93 93 93 94 94 95 95 96 96 96 97 97 98 98 98 98 99 99 99 99 
--------------------------------------------------------------------------------
  Try 4

    Runtime 1.20e-04 [s] 

    Ordened Array is:

0 1 1 2 3 4 4 4 5 5 5 6 7 7 7 7 7 8 8 8 8 9 9 9 9 10 11 11 11 11 12 12 13 13 13 14 14 15 15 16 16 16 17 17 17 19 19 19 19 20 20 20 20 21 21 22 22 22 23 23 25 26 26 28 29 29 29 29 31 31 31 33 34 34 34 35 35 36 36 37 37 37 38 39 39 40 40 40 40 41 41 41 42 42 42 42 43 44 45 45 46 46 46 46 46 48 48 49 49 51 51 52 53 53 55 57 57 57 58 58 59 59 59 60 61 62 62 63 64 64 64 64 64 65 66 67 68 68 69 69 70 70 70 70 70 72 73 73 73 74 74 74 74 75 76 76 76 77 78 78 80 82 83 83 84 85 89 90 90 90 90 90 91 91 92 92 92 92 92 93 93 93 93 94 94 95 95 96 96 96 97 97 98 98 98 98 99 99 99 99 
--------------------------------------------------------------------------------
  Try 5

    Runtime 2.02e-04 [s] 

    Ordened Array is:

0 1 1 2 3 4 4 4 5 5 5 6 7 7 7 7 7 8 8 8 8 9 9 9 9 10 11 11 11 11 12 12 13 13 13 14 14 15 15 16 16 16 17 17 17 19 19 19 19 20 20 20 20 21 21 22 22 22 23 23 25 26 26 28 29 29 29 29 31 31 31 33 34 34 34 35 35 36 36 37 37 37 38 39 39 40 40 40 40 41 41 41 42 42 42 42 43 44 45 45 46 46 46 46 46 48 48 49 49 51 51 52 53 53 55 57 57 57 58 58 59 59 59 60 61 62 62 63 64 64 64 64 64 65 66 67 68 68 69 69 70 70 70 70 70 72 73 73 73 74 74 74 74 75 76 76 76 77 78 78 80 82 83 83 84 85 89 90 90 90 90 90 91 91 92 92 92 92 92 93 93 93 93 94 94 95 95 96 96 96 97 97 98 98 98 98 99 99 99 99 
--------------------------------------------------------------------------------

 8 Cores CPU - Size Problem  

  Try 1

    Runtime 2.66e-04 [s] 

    Ordened Array is:

0 1 1 2 3 4 4 4 5 5 5 6 7 7 7 7 7 8 8 8 8 9 9 9 9 10 11 11 11 11 12 12 13 13 13 14 14 15 15 16 16 16 17 17 17 19 19 19 19 20 20 20 20 21 21 22 22 22 23 23 25 26 26 28 29 29 29 29 31 31 31 33 34 34 34 35 35 36 36 37 37 37 38 39 39 40 40 40 40 41 41 41 42 42 42 42 43 44 45 45 46 46 46 46 46 48 48 49 49 51 51 52 53 53 55 57 57 57 58 58 59 59 59 60 61 62 62 63 64 64 64 64 64 65 66 67 68 68 69 69 70 70 70 70 70 72 73 73 73 74 74 74 74 75 76 76 76 77 78 78 80 82 83 83 84 85 89 90 90 90 90 90 91 91 92 92 92 92 92 93 93 93 93 94 94 95 95 96 96 96 97 97 98 98 98 98 99 99 99 99 
--------------------------------------------------------------------------------
  Try 2

    Runtime 6.00e-04 [s] 

    Ordened Array is:

0 1 1 2 3 4 4 4 5 5 5 6 7 7 7 7 7 8 8 8 8 9 9 9 9 10 11 11 11 11 12 12 13 13 13 14 14 15 15 16 16 16 17 17 17 19 19 19 19 20 20 20 20 21 21 22 22 22 23 23 25 26 26 28 29 29 29 29 31 31 31 33 34 34 34 35 35 36 36 37 37 37 38 39 39 40 40 40 40 41 41 41 42 42 42 42 43 44 45 45 46 46 46 46 46 48 48 49 49 51 51 52 53 53 55 57 57 57 58 58 59 59 59 60 61 62 62 63 64 64 64 64 64 65 66 67 68 68 69 69 70 70 70 70 70 72 73 73 73 74 74 74 74 75 76 76 76 77 78 78 80 82 83 83 84 85 89 90 90 90 90 90 91 91 92 92 92 92 92 93 93 93 93 94 94 95 95 96 96 96 97 97 98 98 98 98 99 99 99 99 
--------------------------------------------------------------------------------
  Try 3

    Runtime 2.17e-04 [s] 

    Ordened Array is:

0 1 1 2 3 4 4 4 5 5 5 6 7 7 7 7 7 8 8 8 8 9 9 9 9 10 11 11 11 11 12 12 13 13 13 14 14 15 15 16 16 16 17 17 17 19 19 19 19 20 20 20 20 21 21 22 22 22 23 23 25 26 26 28 29 29 29 29 31 31 31 33 34 34 34 35 35 36 36 37 37 37 38 39 39 40 40 40 40 41 41 41 42 42 42 42 43 44 45 45 46 46 46 46 46 48 48 49 49 51 51 52 53 53 55 57 57 57 58 58 59 59 59 60 61 62 62 63 64 64 64 64 64 65 66 67 68 68 69 69 70 70 70 70 70 72 73 73 73 74 74 74 74 75 76 76 76 77 78 78 80 82 83 83 84 85 89 90 90 90 90 90 91 91 92 92 92 92 92 93 93 93 93 94 94 95 95 96 96 96 97 97 98 98 98 98 99 99 99 99 
--------------------------------------------------------------------------------
  Try 4

    Runtime 2.17e-04 [s] 

    Ordened Array is:

0 1 1 2 3 4 4 4 5 5 5 6 7 7 7 7 7 8 8 8 8 9 9 9 9 10 11 11 11 11 12 12 13 13 13 14 14 15 15 16 16 16 17 17 17 19 19 19 19 20 20 20 20 21 21 22 22 22 23 23 25 26 26 28 29 29 29 29 31 31 31 33 34 34 34 35 35 36 36 37 37 37 38 39 39 40 40 40 40 41 41 41 42 42 42 42 43 44 45 45 46 46 46 46 46 48 48 49 49 51 51 52 53 53 55 57 57 57 58 58 59 59 59 60 61 62 62 63 64 64 64 64 64 65 66 67 68 68 69 69 70 70 70 70 70 72 73 73 73 74 74 74 74 75 76 76 76 77 78 78 80 82 83 83 84 85 89 90 90 90 90 90 91 91 92 92 92 92 92 93 93 93 93 94 94 95 95 96 96 96 97 97 98 98 98 98 99 99 99 99 
--------------------------------------------------------------------------------
  Try 5

    Runtime 5.29e-03 [s] 

    Ordened Array is:

0 1 1 2 3 4 4 4 5 5 5 6 7 7 7 7 7 8 8 8 8 9 9 9 9 10 11 11 11 11 12 12 13 13 13 14 14 15 15 16 16 16 17 17 17 19 19 19 19 20 20 20 20 21 21 22 22 22 23 23 25 26 26 28 29 29 29 29 31 31 31 33 34 34 34 35 35 36 36 37 37 37 38 39 39 40 40 40 40 41 41 41 42 42 42 42 43 44 45 45 46 46 46 46 46 48 48 49 49 51 51 52 53 53 55 57 57 57 58 58 59 59 59 60 61 62 62 63 64 64 64 64 64 65 66 67 68 68 69 69 70 70 70 70 70 72 73 73 73 74 74 74 74 75 76 76 76 77 78 78 80 82 83 83 84 85 89 90 90 90 90 90 91 91 92 92 92 92 92 93 93 93 93 94 94 95 95 96 96 96 97 97 98 98 98 98 99 99 99 99 
--------------------------------------------------------------------------------
